Ner13	Ner14	Ner19	Ner2	Ner11	Ner4	Ner6
195203	193201	193199	262262	289310	280294	165165
201203	195204	193197	262272	000000	280294	160165
199203	201227	199213	262262	289301	280299	162165
199199	195204	193193	260262	343347	268295	162165
211221	193204	193195	272272	285293	295295	160174
196213	195201	191193	262272	000000	292299	000000
199199	198210	193195	272272	000000	295295	160168
199215	204233	195218	266266	285351	295302	160160
195213	193193	191191	262262	285310	280295	162162
199213	204215	191195	262272	000000	295295	165165
201225	193193	193197	262262	297318	289294	165165
196199	193215	191193	266272	326331	265265	162162
201215	193207	193197	262262	297310	294295	160165
197199	201204	193195	262262	293314	294299	160160
197197	193193	193197	262262	000000	295295	164165
195217	193215	193193	262266	000000	274295	164165
195213	193210	193195	256272	281297	000000	160165
194213	201207	193193	262266	281331	295299	162171
213213	198198	193199	266266	000000	280299	165165
198215	193193	193197	256262	289310	292292	160165
197227	207233	191193	262262	293314	265277	165171
195219	193198	193195	000000	277305	283294	160165
217225	193195	193193	256272	000000	277295	165165
215215	193193	193193	262262	335343	277280	165165
197213	204212	191195	000000	000000	274295	165165
197219	221239	191195	000000	000000	265299	165165
209211	198204	191193	260262	285314	277302	165165
196205	193233	193195	262262	277289	268268	165165
195203	201227	193193	262262	000000	277280	000000
199199	210218	193193	262268	289289	268286	164165
194199	193218	193195	262262	289289	268280	165165
195211	201227	191197	262266	273297	292294	165168
195195	193201	193197	266266	000000	280292	165165
195195	207207	193195	272272	285305	265294	162162
211231	193195	195197	262262	273293	295295	162162
195205	198207	193193	262272	297297	295305	165165
195197	201212	193193	256262	305305	274294	165168
197197	201207	191193	262272	293305	280295	165165
198199	198207	191193	262272	289289	280295	162168
195201	204245	193213	262266	289293	000000	165165
207219	193193	195197	262262	289293	280280	162165
199211	193204	191193	262272	293314	000000	160165
195197	193193	191193	262262	310335	280311	165171
196197	207218	191193	262262	293318	274294	162162
191221	193195	193215	262266	297297	280295	165165
193194	193193	193195	272272	289301	280292	160162
196219	198204	191213	262262	297297	277289	165165
195203	193195	195199	262272	277301	000000	162165
195197	193195	193197	262262	281310	000000	162165
195199	193201	193193	262262	301335	294294	165165
196213	193224	193193	262266	301318	262280	160162
199201	201201	191193	272272	285297	274294	162162
000000	193215	191193	000000	000000	277277	000000
203215	193193	191193	256272	277322	294311	165165
197199	193201	191193	262262	305310	274280	165165
193196	195201	191193	262272	289305	294311	160165
205213	210230	191191	266272	310314	268280	162165
211213	198204	191193	256262	293310	280294	165165
199213	193207	193193	256256	310335	280295	165165
199221	204233	193193	262272	281293	000000	165174
195215	193195	193193	266266	301314	265305	162165
211235	204210	193195	262262	285293	259294	165165
199211	204204	191195	262262	293301	280280	160162
199213	190207	193193	256262	310310	280294	162162
197207	198198	197216	262266	273293	259295	162165
197219	193210	193193	256256	000000	280280	162165
195199	190224	191193	262272	293293	294302	162165
195215	193198	191197	256260	293297	292299	162165
195227	193210	193193	262262	293326	283294	168168
195215	193198	193195	262272	000000	294295	164164
197211	193212	191193	262262	000000	294295	162168
197209	193193	191193	256262	000000	280280	160165
211211	187224	191193	260262	289293	302302	160160
201211	210212	191199	256256	000000	000000	000000
209209	193215	193193	262262	305347	283295	160165
195209	195195	191193	262262	297301	292311	160164
199227	193201	191193	266266	281293	295295	160162
195201	201204	193193	262262	000000	295297	164165
195197	204210	193197	262266	000000	295295	165165
193199	193195	193195	256256	000000	277283	165165
199207	193204	191193	262262	301314	294295	160162
199199	193193	193195	262262	000000	280280	160162
199209	193195	193195	262266	285301	294295	165183
209209	193212	195197	262272	314314	280280	160165
195215	207212	195213	256256	293305	292294	165165
195201	210210	193193	256262	000000	295295	000000
199213	201201	193193	262262	000000	295295	165165
196199	193204	191191	262272	000000	294295	165165
201213	193212	191193	256262	285318	294294	162162
195203	195210	193195	256262	293297	274299	165165
195213	198215	191191	262262	289293	294294	160163
